0
0.008666
0.018431
0.028197
0.037963
0.047728
0.057494
0.067259
0.077025
0.086791
0.096556
0.106322
0.116088
0.125853
0.135619
0.145384
0.15515
0.164916
0.174681
0.184447
0.194213
0.203978
0.213744
0.223509
0.233275
0.243041
0.252806
0.262572
0.272338
0.282103
0.291869
0.301634
0.3114
0.321166
0.330931
0.340697
0.350463
0.360228
0.369994
0.379759
0.389525
0.399291
0.409056
0.418822
0.428588
0.438353
0.448119
0.457884
0.46765
0.477416
0.487181
0.496947
0.506713
0.516478
0.526244
0.536009
0.545775
0.555541
0.565306
0.575072
0.584838
0.594603
0.604369
0.614134
0.62327
0.633666
0.643431
0.653197
0.662963
0.672728
0.682494
0.692259
0.702025
0.711791
0.721556
0.731322
0.741088
0.750853
0.760619
0.770384
0.78015
0.789916
0.799681
0.809447
0.819213
0.828978
0.838744
0.84859
0.858275
0.868041
0.87786
0.887572
0.897338
0.90713
0.91686
0.92659
0.93632
0.94605